County,Year,Avg. Duration (Hours),Avg. Duration (Days),Median Duration (Hours),Median Duration (Days),Min. Duration (Hours),Min. Duration (Days),Max. Duration (Hours),Max. Duration (Days)
Amador,2013,17.03,0.71,17.03,0.71,17.03,0.71,17.03,0.71
Butte,2013,55.06,2.29,28.38,1.18,6.18,0.26,145.38,6.06
Calaveras,2013,35.79,1.49,35.79,1.49,26.6,1.11,44.98,1.87
El Dorado,2013,40.88,1.7,40.88,1.7,4.0,0.17,77.75,3.24
Nevada,2013,6.8,0.28,6.8,0.28,6.8,0.28,6.8,0.28
Placer,2013,237.14,9.88,237.14,9.88,2.78,0.12,471.5,19.65
Yuba,2013,7.52,0.31,7.52,0.31,7.52,0.31,7.52,0.31
Butte,2014,38.0,1.58,38.0,1.58,38.0,1.58,38.0,1.58
Calaveras,2014,40.96,1.71,40.96,1.71,27.55,1.15,54.38,2.27
El Dorado,2014,236.16,9.84,81.5,3.4,2.18,0.09,624.8,26.03
Nevada,2014,56.58,2.36,30.75,1.28,14.35,0.6,124.63,5.19
Alpine,2015,65.08,2.71,65.08,2.71,65.08,2.71,65.08,2.71
Amador,2015,14.05,0.59,14.05,0.59,14.05,0.59,14.05,0.59
Butte,2015,235.53,9.81,125.58,5.23,3.2,0.13,869.32,36.22
Calaveras,2015,111.0,4.62,111.0,4.62,111.0,4.62,111.0,4.62
El Dorado,2015,144.25,6.01,144.25,6.01,144.25,6.01,144.25,6.01
Nevada,2015,436.63,18.19,436.63,18.19,436.63,18.19,436.63,18.19
Placer,2015,1.55,0.06,1.55,0.06,1.55,0.06,1.55,0.06
Yuba,2015,66.0,2.75,66.0,2.75,37.38,1.56,94.63,3.94
Alpine,2016,288.0,12.0,288.0,12.0,288.0,12.0,288.0,12.0
Amador,2016,46.22,1.93,36.42,1.52,12.47,0.52,99.6,4.15
Butte,2016,42.62,1.78,17.42,0.73,1.35,0.06,166.38,6.93
Calaveras,2016,74.03,3.08,69.36,2.89,27.68,1.15,148.62,6.19
El Dorado,2016,45.95,1.91,28.75,1.2,26.82,1.12,82.28,3.43
Nevada,2016,76.33,3.18,76.33,3.18,76.33,3.18,76.33,3.18
Placer,2016,27.12,1.13,27.12,1.13,3.35,0.14,50.9,2.12
Sacramento,2016,16.54,0.69,15.08,0.63,2.97,0.12,31.58,1.32
Yuba,2016,5.92,0.25,5.92,0.25,5.92,0.25,5.92,0.25
Amador,2017,3211.67,133.82,3211.67,133.82,3211.67,133.82,3211.67,133.82
Butte,2017,4521.24,188.38,4496.44,187.35,2206.48,91.94,8786.18,366.09
Calaveras,2017,4142.36,172.6,4342.72,180.95,2220.38,92.52,5418.85,225.79
El Dorado,2017,3116.12,129.84,3922.48,163.44,280.97,11.71,4435.2,184.8
Nevada,2017,3426.43,142.77,3165.17,131.88,2185.05,91.04,4582.58,190.94
Sacramento,2017,4678.53,194.94,4707.5,196.15,4005.35,166.89,5322.73,221.78
Sierra,2017,4638.07,193.25,4638.07,193.25,4390.82,182.95,4885.32,203.55
Yuba,2017,3794.95,158.12,3729.56,155.4,2518.08,104.92,5394.85,224.79
Amador,2018,4591.66,191.32,4591.66,191.32,4363.2,181.8,4820.12,200.84
Butte,2018,3312.05,138.0,4211.05,175.46,409.45,17.06,4890.82,203.78
Calaveras,2018,3973.53,165.56,3653.08,152.21,3616.95,150.71,4650.55,193.77
El Dorado,2018,3469.92,144.58,3738.78,155.78,2540.4,105.85,4408.78,183.7
Nevada,2018,3474.98,144.79,3474.98,144.79,3474.98,144.79,3474.98,144.79
Placer,2018,3342.4,139.27,3342.4,139.27,2944.53,122.69,3740.28,155.84
Sacramento,2018,4530.2,188.76,4530.2,188.76,4530.2,188.76,4530.2,188.76
Amador,2019,3.77,0.16,3.77,0.16,3.77,0.16,3.77,0.16
Butte,2019,122.7,5.11,147.9,6.16,0.86,0.04,211.62,8.82
Calaveras,2019,38.42,1.6,38.42,1.6,38.42,1.6,38.42,1.6
El Dorado,2019,23.82,0.99,14.06,0.59,2.74,0.11,64.44,2.68
Nevada,2019,2.5,0.1,2.5,0.1,2.5,0.1,2.5,0.1
Placer,2019,147.93,6.16,97.85,4.08,9.71,0.4,336.23,14.01
Sacramento,2019,3.46,0.14,3.46,0.14,2.25,0.09,4.67,0.19
Yuba,2019,109.0,4.54,109.0,4.54,6.55,0.27,211.45,8.81
Amador,2020,60.14,2.51,60.14,2.51,54.29,2.26,65.98,2.75
Butte,2020,20.73,0.86,5.63,0.23,0.58,0.02,75.53,3.15
Calaveras,2020,48.07,2.0,42.48,1.77,3.52,0.15,98.2,4.09
El Dorado,2020,57.64,2.4,57.64,2.4,46.72,1.95,68.56,2.86
Nevada,2020,272.31,11.35,272.31,11.35,272.31,11.35,272.31,11.35
Placer,2020,6.93,0.29,2.96,0.12,2.35,0.1,19.45,0.81
Sacramento,2020,39.71,1.65,14.98,0.62,13.36,0.56,115.5,4.81
Sierra,2020,173.81,7.24,173.81,7.24,71.6,2.98,276.02,11.5
Yuba,2020,35.7,1.49,5.7,0.24,1.88,0.08,129.5,5.4
Alpine,2021,1776.1,74.0,1776.1,74.0,829.89,34.58,2722.31,113.43
Amador,2021,45.98,1.92,45.98,1.92,45.98,1.92,45.98,1.92
Butte,2021,162.0,6.75,162.0,6.75,45.79,1.91,278.21,11.59
Calaveras,2021,101.5,4.23,65.67,2.74,6.55,0.27,232.28,9.68
El Dorado,2021,25.21,1.05,26.5,1.1,3.07,0.13,46.06,1.92
Placer,2021,111.92,4.66,111.92,4.66,2.38,0.1,221.46,9.23
Sacramento,2021,2.6,0.11,2.6,0.11,2.6,0.11,2.6,0.11
Yuba,2021,107.05,4.46,38.76,1.62,22.26,0.93,260.13,10.84
Butte,2022,28.64,1.19,28.64,1.19,8.02,0.33,49.25,2.05
El Dorado,2022,51.11,2.13,51.11,2.13,51.11,2.13,51.11,2.13
Nevada,2022,193.35,8.06,215.41,8.98,52.28,2.18,312.37,13.02
Placer,2022,209.49,8.73,224.33,9.35,19.93,0.83,384.2,16.01
Yuba,2022,125.34,5.22,139.92,5.83,52.83,2.2,183.27,7.64
